     0     0     0
     0    16   255
     0    32   255
     0    48   255
     0    64   255
     0    80   255
     0    96   255
     0   112   255
     0   128   255
     0   144   255
     0   160   255
     0   176   255
     0   192   255
     0   208   255
     0   224   255
     0   240   255
     0   255   255
     0   255   239
     0   255   223
     0   255   207
     0   255   191
     0   255   175
     0   255   159
     0   255   143
     0   255   127
     0   255   111
     0   255    95
     0   255    79
     0   255    63
     0   255    47
     0   255    31
     0   255    15
     0   255     0
    16   255     0
    32   255     0
    48   255     0
    64   255     0
    80   255     0
    96   255     0
   112   255     0
   128   255     0
   144   255     0
   160   255     0
   176   255     0
   192   255     0
   208   255     0
   224   255     0
   240   255     0
   255   255     0
   255   239     0
   255   223     0
   255   207     0
   255   191     0
   255   175     0
   255   159     0
   255   143     0
   255   127     0
   255   111     0
   255    95     0
   255    79     0
   255    63     0
   255    47     0
   255    31     0
   255    15     0